-6.919253   -2.760718   2.322882    13   12   248   0
-6.910907   -2.761010   2.316827    13   12   248   0
-6.902561   -2.761303   2.310772    13   12   248   0
-6.894215   -2.761596   2.304716    13   12   248   0
-6.885868   -2.761889   2.298661    13   12   248   0
-6.877522   -2.762181   2.292605    13   12   248   0
-6.869176   -2.762474   2.286550    13   12   248   0
-6.860830   -2.762767   2.280495    13   12   248   0
-6.852484   -2.763060   2.274439    13   12   248   0
-6.844137   -2.763352   2.268384    13   12   248   0
-6.835791   -2.763645   2.262329    13   12   248   0
-6.827445   -2.763938   2.256273    13   12   248   0
-6.819099   -2.764231   2.250218    13   12   248   0
-6.810753   -2.764523   2.244162    13   12   248   0
-6.802406   -2.764816   2.238107    13   12   248   0
-6.794060   -2.765109   2.232052    13   12   248   0
-6.785714   -2.765402   2.225996    13   12   248   0
-6.777368   -2.765694   2.219941    13   12   248   0
-6.769022   -2.765987   2.213886    13   12   248   0
-6.760675   -2.766280   2.207830    13   12   248   0
-6.752329   -2.766573   2.201775    13   12   248   0
-6.743983   -2.766865   2.195719    13   12   248   0
-6.735637   -2.767158   2.189664    13   12   248   0
-6.727291   -2.767451   2.183609    13   12   248   0
-6.718944   -2.767744   2.177553    13   12   248   0
-6.710598   -2.768036   2.171498    13   12   248   0
-6.702252   -2.768329   2.165443    13   12   248   0
-6.693906   -2.768622   2.159387    13   12   248   0
-6.685560   -2.768915   2.153332    13   12   248   0
-6.677213   -2.769207   2.147276    13   12   248   0
-6.668867   -2.769500   2.141221    13   12   248   0
-6.660521   -2.769793   2.135166    13   12   248   0
-6.652175   -2.770086   2.129110    13   12   248   0
-6.643829   -2.770378   2.123055    13   12   248   0
-6.635482   -2.770671   2.117000    13   12   248   0
-6.627136   -2.770964   2.110944    13   12   248   0
-6.618790   -2.771257   2.104889    13   12   248   0
-6.610444   -2.771549   2.098834    13   12   248   0
-6.602098   -2.771842   2.092778    13   12   248   0
-6.593751   -2.772135   2.086723    13   12   248   0
-6.585405   -2.772428   2.080667    13   12   248   0
-6.577059   -2.772720   2.074612    13   12   248   0
-6.568713   -2.773013   2.068557    13   12   248   0
-6.560367   -2.773306   2.062501    13   12   248   0
-6.552020   -2.773599   2.056446    13   12   248   0
-6.543674   -2.773891   2.050391    13   12   248   0
-6.535328   -2.774184   2.044335    13   12   248   0
-6.526982   -2.774477   2.038280    13   12   248   0
-6.518636   -2.774770   2.032224    13   12   248   0
-6.510289   -2.775062   2.026169    13   12   248   0
-6.501943   -2.775355   2.020114    13   12   248   0
-6.493597   -2.775648   2.014058    13   12   248   0
-6.485251   -2.775941   2.008003    13   12   248   0
-6.476905   -2.776233   2.001948    13   12   248   0
-6.468558   -2.776526   1.995892    13   12   248   0
-6.460212   -2.776819   1.989837    13   12   248   0
-6.451866   -2.777112   1.983781    13   12   248   0
-6.443520   -2.777404   1.977726    13   12   248   0
-6.435174   -2.777697   1.971671    13   12   248   0
-6.426827   -2.777990   1.965615    13   12   248   0
-6.418481   -2.778283   1.959560    13   12   248   0
-6.410135   -2.778575   1.953505    13   12   248   0
-6.401789   -2.778868   1.947449    13   12   248   0
-6.393443   -2.779161   1.941394    13   12   248   0
-6.385096   -2.779454   1.935338    13   12   248   0
-6.376750   -2.779746   1.929283    13   12   248   0
-6.368404   -2.780039   1.923228    13   12   248   0
-6.360058   -2.780332   1.917172    13   12   248   0
-6.351712   -2.780625   1.911117    13   12   248   0
-6.343365   -2.780917   1.905062    13   12   248   0
-6.335019   -2.781210   1.899006    13   12   248   0
-6.326673   -2.781503   1.892951    13   12   248   0
-6.318327   -2.781796   1.886896    13   12   248   0
-6.309981   -2.782088   1.880840    13   12   248   0
-6.301634   -2.782381   1.874785    13   12   248   0
-6.293288   -2.782674   1.868729    13   12   248   0
-6.284942   -2.782967   1.862674    13   12   248   0
-6.276596   -2.783259   1.856619    13   12   248   0
-6.268250   -2.783552   1.850563    13   12   248   0
-6.259903   -2.783845   1.844508    13   12   248   0
-6.251557   -2.784138   1.838453    13   12   248   0
-6.243211   -2.784430   1.832397    13   12   248   0
-6.234865   -2.784723   1.826342    13   12   248   0
-6.226519   -2.785016   1.820286    13   12   248   0
-6.218172   -2.785309   1.814231    13   12   248   0
-6.209826   -2.785601   1.808176    13   12   248   0
-6.201480   -2.785894   1.802120    13   12   248   0
-6.193134   -2.786187   1.796065    13   12   248   0
-6.184788   -2.786480   1.790010    13   12   248   0
-6.176441   -2.786772   1.783954    13   12   248   0
-6.168095   -2.787065   1.777899    13   12   248   0
-6.159749   -2.787358   1.771843    13   12   248   0
-6.151403   -2.787651   1.765788    13   12   248   0
-6.143057   -2.787943   1.759733    13   12   248   0
-6.134710   -2.788236   1.753677    13   12   248   0
-6.126364   -2.788529   1.747622    13   12   248   0
-6.118018   -2.788822   1.741567    13   12   248   0
-6.109672   -2.789114   1.735511    13   12   248   0
-6.101326   -2.789407   1.729456    13   12   248   0
-6.092979   -2.789700   1.723400    13   12   248   0
-6.084633   -2.789993   1.717345    13   12   248   0
-6.076287   -2.790285   1.711290    13   12   248   0
-6.067941   -2.790578   1.705234    13   12   248   0
-6.059595   -2.790871   1.699179    13   12   248   0
-6.051248   -2.791164   1.693124    13   12   248   0
-6.042902   -2.791456   1.687068    13   12   248   0
-6.034556   -2.791749   1.681013    13   12   248   0
-6.026210   -2.792042   1.674957    13   12   248   0
-6.017864   -2.792335   1.668902    13   12   248   0
-6.009517   -2.792627   1.662847    13   12   248   0
-6.001171   -2.792920   1.656791    13   12   248   0
-5.992825   -2.793213   1.650736    13   12   248   0
-5.984479   -2.793506   1.644681    13   12   248   0
-5.976133   -2.793798   1.638625    13   12   248   0
-5.967786   -2.794091   1.632570    13   12   248   0
-5.959440   -2.794384   1.626515    13   12   248   0
-5.951094   -2.794676   1.620459    13   12   248   0
-5.942748   -2.794969   1.614404    13   12   248   0
-5.934402   -2.795262   1.608348    13   12   248   0
-5.926055   -2.795555   1.602293    13   12   248   0
-5.917709   -2.795847   1.596238    13   12   248   0
-5.909363   -2.796140   1.590182    13   12   248   0
-5.901017   -2.796433   1.584127    13   12   248   0
-5.892671   -2.796726   1.578072    13   12   248   0
-5.884324   -2.797018   1.572016    13   12   248   0
-5.875978   -2.797311   1.565961    13   12   248   0
-5.867632   -2.797604   1.559905    13   12   248   0
-5.859286   -2.797897   1.553850    13   12   248   0
-5.850940   -2.798189   1.547795    13   12   248   0
-5.842593   -2.798482   1.541739    13   12   248   0
-5.834247   -2.798775   1.535684    13   12   248   0
-5.825901   -2.799068   1.529629    13   12   248   0
-5.817555   -2.799360   1.523573    13   12   248   0
-5.809209   -2.799653   1.517518    13   12   248   0
-5.800862   -2.799946   1.511462    13   12   248   0
-5.792516   -2.800239   1.505407    13   12   248   0
-5.784170   -2.800531   1.499352    13   12   248   0
-5.775824   -2.800824   1.493296    13   12   248   0
-5.767478   -2.801117   1.487241    13   12   248   0
-5.759131   -2.801410   1.481186    13   12   248   0
-5.750785   -2.801702   1.475130    13   12   248   0
-5.742439   -2.801995   1.469075    13   12   248   0
-5.734093   -2.802288   1.463019    13   12   248   0
-5.725747   -2.802581   1.456964    13   12   248   0
-5.717400   -2.802873   1.450909    13   12   248   0
-5.709054   -2.803166   1.444853    13   12   248   0
-5.700708   -2.803459   1.438798    13   12   248   0
-5.692362   -2.803752   1.432743    13   12   248   0
-5.684016   -2.804044   1.426687    13   12   248   0
-5.675669   -2.804337   1.420632    13   12   248   0
-5.667323   -2.804630   1.414577    13   12   248   0
-5.658977   -2.804923   1.408521    13   12   248   0
-5.650631   -2.805215   1.402466    13   12   248   0
-5.642285   -2.805508   1.396410    13   12   248   0
-5.633938   -2.805801   1.390355    13   12   248   0
-5.625592   -2.806094   1.384300    13   12   248   0
-5.617246   -2.806386   1.378244    13   12   248   0
-5.608900   -2.806679   1.372189    13   12   248   0
-5.600554   -2.806972   1.366134    13   12   248   0
-5.592207   -2.807265   1.360078    13   12   248   0
-5.583861   -2.807557   1.354023    13   12   248   0
-5.575515   -2.807850   1.347967    13   12   248   0
-5.567169   -2.808143   1.341912    13   12   248   0
-5.558823   -2.808436   1.335857    13   12   248   0
-5.550476   -2.808728   1.329801    13   12   248   0
-5.542130   -2.809021   1.323746    13   12   248   0
-5.533784   -2.809314   1.317691    13   12   248   0
-5.525438   -2.809607   1.311635    13   12   248   0
-5.517092   -2.809899   1.305580    13   12   248   0
-5.508745   -2.810192   1.299524    13   12   248   0
-5.500399   -2.810485   1.293469    13   12   248   0
-5.492053   -2.810778   1.287414    13   12   248   0
-5.483707   -2.811070   1.281358    13   12   248   0
-5.475361   -2.811363   1.275303    13   12   248   0
-5.467014   -2.811656   1.269248    13   12   248   0
-5.458668   -2.811949   1.263192    13   12   248   0
-5.450322   -2.812241   1.257137    13   12   248   0
-5.441976   -2.812534   1.251081    13   12   248   0
-5.433630   -2.812827   1.245026    13   12   248   0
-5.425283   -2.813120   1.238971    13   12   248   0
-5.416937   -2.813412   1.232915    13   12   248   0
-5.408591   -2.813705   1.226860    13   12   248   0
-5.400245   -2.813998   1.220805    13   12   248   0
-5.391899   -2.814291   1.214749    13   12   248   0
-5.383552   -2.814583   1.208694    13   12   248   0
-5.375206   -2.814876   1.202639    13   12   248   0
-5.366860   -2.815169   1.196583    13   12   248   0
-5.358514   -2.815462   1.190528    13   12   248   0
-5.350168   -2.815754   1.184472    13   12   248   0
-5.341821   -2.816047   1.178417    13   12   248   0
-5.333475   -2.816340   1.172362    13   12   248   0
-5.325129   -2.816633   1.166306    13   12   248   0
-5.316783   -2.816925   1.160251    13   12   248   0
-5.308437   -2.817218   1.154196    13   12   248   0
-5.300090   -2.817511   1.148140    13   12   248   0
-5.291744   -2.817804   1.142085    13   12   248   0
-5.283398   -2.818096   1.136029    13   12   248   0
-5.275052   -2.818389   1.129974    13   12   248   0
-5.266706   -2.818682   1.123919    13   12   248   0
-5.258359   -2.818975   1.117863    13   12   248   0
-5.250013   -2.819267   1.111808    13   12   248   0
-5.241667   -2.819560   1.105753    13   12   248   0
-5.233321   -2.819853   1.099697    13   12   248   0
-5.224975   -2.820146   1.093642    13   12   248   0
-5.216628   -2.820438   1.087586    13   12   248   0
-5.208282   -2.820731   1.081531    13   12   248   0
-5.199936   -2.821024   1.075476    13   12   248   0
-5.191590   -2.821317   1.069420    13   12   248   0
-5.183244   -2.821609   1.063365    13   12   248   0
-5.174897   -2.821902   1.057310    13   12   248   0
-5.166551   -2.822195   1.051254    13   12   248   0
-5.158205   -2.822488   1.045199    13   12   248   0
-5.149859   -2.822780   1.039143    13   12   248   0
-5.141513   -2.823073   1.033088    13   12   248   0
-5.133166   -2.823366   1.027033    13   12   248   0
-5.124820   -2.823659   1.020977    13   12   248   0
-5.116474   -2.823951   1.014922    13   12   248   0
-5.108128   -2.824244   1.008867    13   12   248   0
-5.099782   -2.824537   1.002811    13   12   248   0
-5.091435   -2.824830   0.996756    13   12   248   0
-5.083089   -2.825122   0.990700    13   12   248   0
-5.074743   -2.825415   0.984645    13   12   248   0
-5.066397   -2.825708   0.978590    13   12   248   0
-5.058051   -2.826001   0.972534    13   12   248   0
-5.049704   -2.826293   0.966479    13   12   248   0
-5.041358   -2.826586   0.960424    13   12   248   0
-5.033012   -2.826879   0.954368    13   12   248   0
-5.024666   -2.827172   0.948313    13   12   248   0
-5.016320   -2.827464   0.942258    13   12   248   0
-5.007973   -2.827757   0.936202    13   12   248   0
-4.999627   -2.828050   0.930147    13   12   248   0
-4.991281   -2.828343   0.924091    13   12   248   0
-4.982935   -2.828635   0.918036    13   12   248   0
-4.974589   -2.828928   0.911981    13   12   248   0
-4.966242   -2.829221   0.905925    13   12   248   0
-4.957896   -2.829514   0.899870    13   12   248   0
-4.949550   -2.829806   0.893815    13   12   248   0
-4.941204   -2.830099   0.887759    13   12   248   0
-4.932858   -2.830392   0.881704    13   12   248   0
-4.924511   -2.830685   0.875648    13   12   248   0
-4.916165   -2.830977   0.869593    13   12   248   0
-4.907819   -2.831270   0.863538    13   12   248   0
-4.899473   -2.831563   0.857482    13   12   248   0
-4.891127   -2.831856   0.851427    13   12   248   0
-4.882780   -2.832148   0.845372    13   12   248   0
-4.874434   -2.832441   0.839316    13   12   248   0
-4.866088   -2.832734   0.833261    13   12   248   0
-4.857742   -2.833027   0.827205    13   12   248   0
-4.849396   -2.833319   0.821150    13   12   248   0
-4.841049   -2.833612   0.815095    13   12   248   0
-4.832703   -2.833905   0.809039    13   12   248   0
-4.824357   -2.834198   0.802984    13   12   248   0
-4.816011   -2.834490   0.796929    13   12   248   0
-4.807665   -2.834783   0.790873    13   12   248   0
-4.799318   -2.835076   0.784818    13   12   248   0
-4.790972   -2.835369   0.778762    13   12   248   0
-4.782626   -2.835661   0.772707    13   12   248   0
-4.774280   -2.835954   0.766652    13   12   248   0
-4.765934   -2.836247   0.760596    13   12   248   0
-4.757587   -2.836540   0.754541    13   12   248   0
-4.749241   -2.836832   0.748486    13   12   248   0
-4.740895   -2.837125   0.742430    13   12   248   0
-4.732549   -2.837418   0.736375    13   12   248   0
-4.724203   -2.837711   0.730320    13   12   248   0
-4.715856   -2.838003   0.724264    13   12   248   0
-4.707510   -2.838296   0.718209    13   12   248   0
-4.699164   -2.838589   0.712153    13   12   248   0
-4.690818   -2.838882   0.706098    13   12   248   0
-4.682472   -2.839174   0.700043    13   12   248   0
-4.674125   -2.839467   0.693987    13   12   248   0
-4.665779   -2.839760   0.687932    13   12   248   0
-4.657433   -2.840053   0.681877    13   12   248   0
-4.649087   -2.840345   0.675821    13   12   248   0
-4.640741   -2.840638   0.669766    13   12   248   0
-4.632394   -2.840931   0.663710    13   12   248   0
-4.624048   -2.841224   0.657655    13   12   248   0
-4.615702   -2.841516   0.651600    13   12   248   0
-4.607356   -2.841809   0.645544    13   12   248   0
-4.599010   -2.842102   0.639489    13   12   248   0
-4.590663   -2.842395   0.633434    13   12   248   0
-4.582317   -2.842687   0.627378    13   12   248   0
-4.573971   -2.842980   0.621323    13   12   248   0
-4.565625   -2.843273   0.615267    13   12   248   0
-4.557279   -2.843566   0.609212    13   12   248   0
-4.548932   -2.843858   0.603157    13   12   248   0
-4.540586   -2.844151   0.597101    13   12   248   0
-4.532240   -2.844444   0.591046    13   12   248   0
-4.523894   -2.844736   0.584991    13   12   248   0
-4.515548   -2.845029   0.578935    13   12   248   0
-4.507201   -2.845322   0.572880    13   12   248   0
-4.498855   -2.845615   0.566824    13   12   248   0
-4.490509   -2.845907   0.560769    13   12   248   0
-4.482163   -2.846200   0.554714    13   12   248   0
-4.473817   -2.846493   0.548658    13   12   248   0
-4.465470   -2.846786   0.542603    13   12   248   0
-4.457124   -2.847078   0.536548    13   12   248   0
-4.448778   -2.847371   0.530492    13   12   248   0
-4.440432   -2.847664   0.524437    13   12   248   0
-4.432086   -2.847957   0.518382    13   12   248   0
-4.423739   -2.848249   0.512326    13   12   248   0
-4.415393   -2.848542   0.506271    13   12   248   0
-4.407047   -2.848835   0.500215    13   12   248   0
-4.398701   -2.849128   0.494160    13   12   248   0
-4.390355   -2.849420   0.488105    13   12   248   0
-4.382008   -2.849713   0.482049    13   12   248   0
-4.373662   -2.850006   0.475994    13   12   248   0
-4.365316   -2.850299   0.469939    13   12   248   0
-4.356970   -2.850591   0.463883    13   12   248   0
-4.348624   -2.850884   0.457828    13   12   248   0
-4.340277   -2.851177   0.451772    13   12   248   0
-4.331931   -2.851470   0.445717    13   12   248   0
-4.323585   -2.851762   0.439662    13   12   248   0
-4.315239   -2.852055   0.433606    13   12   248   0
-4.306893   -2.852348   0.427551    13   12   248   0
-4.298546   -2.852641   0.421496    13   12   248   0
-4.290200   -2.852933   0.415440    13   12   248   0
-4.281854   -2.853226   0.409385    13   12   248   0
-4.273508   -2.853519   0.403329    13   12   248   0
-4.265162   -2.853812   0.397274    13   12   248   0
-4.256815   -2.854104   0.391219    13   12   248   0
-4.248469   -2.854397   0.385163    13   12   248   0
-4.240123   -2.854690   0.379108    13   12   248   0
-4.231777   -2.854983   0.373053    13   12   248   0
-4.223431   -2.855275   0.366997    13   12   248   0
-4.215084   -2.855568   0.360942    13   12   248   0
-4.206738   -2.855861   0.354886    13   12   248   0
-4.198392   -2.856154   0.348831    13   12   248   0
-4.190046   -2.856446   0.342776    13   12   248   0
-4.181700   -2.856739   0.336720    13   12   248   0
-4.173353   -2.857032   0.330665    13   12   248   0
-4.165007   -2.857325   0.324610    13   12   248   0
-4.156661   -2.857617   0.318554    13   12   248   0
-4.148315   -2.857910   0.312499    13   12   248   0
-4.139969   -2.858203   0.306443    13   12   248   0
-4.131622   -2.858496   0.300388    13   12   248   0
-4.123276   -2.858788   0.294333    13   12   248   0
-4.114930   -2.859081   0.288277    13   12   248   0
-4.106584   -2.859374   0.282222    13   12   248   0
-4.098238   -2.859667   0.276167    13   12   248   0
-4.089891   -2.859959   0.270111    13   12   248   0
-4.081545   -2.860252   0.264056    13   12   248   0
-4.073199   -2.860545   0.258001    13   12   248   0
-4.064853   -2.860838   0.251945    13   12   248   0
-4.056507   -2.861130   0.245890    13   12   248   0
-4.048160   -2.861423   0.239834    13   12   248   0
-4.039814   -2.861716   0.233779    13   12   248   0
-4.031468   -2.862009   0.227724    13   12   248   0
-4.023122   -2.862301   0.221668    13   12   248   0
-4.014776   -2.862594   0.215613    13   12   248   0
-4.006429   -2.862887   0.209558    13   12   248   0
-3.998083   -2.863180   0.203502    13   12   248   0
-3.989737   -2.863472   0.197447    13   12   248   0
-3.981391   -2.863765   0.191391    13   12   248   0
-3.973045   -2.864058   0.185336    13   12   248   0
-3.964698   -2.864351   0.179281    13   12   248   0
-3.956352   -2.864643   0.173225    13   12   248   0
-3.948006   -2.864936   0.167170    13   12   248   0
-3.939660   -2.865229   0.161115    13   12   248   0
-3.931314   -2.865522   0.155059    13   12   248   0
-3.922967   -2.865814   0.149004    13   12   248   0
-3.914621   -2.866107   0.142948    13   12   248   0
-3.906275   -2.866400   0.136893    13   12   248   0
-3.897929   -2.866693   0.130838    13   12   248   0
-3.889583   -2.866985   0.124782    13   12   248   0
-3.881236   -2.867278   0.118727    13   12   248   0
-3.872890   -2.867571   0.112672    13   12   248   0
-3.864544   -2.867864   0.106616    13   12   248   0
-3.856198   -2.868156   0.100561    13   12   248   0
-3.847852   -2.868449   0.094505    13   12   248   0
-3.839505   -2.868742   0.088450    13   12   248   0
-3.831159   -2.869035   0.082395    13   12   248   0
-3.822813   -2.869327   0.076339    13   12   248   0
-3.814467   -2.869620   0.070284    13   12   248   0
-3.806121   -2.869913   0.064229    13   12   248   0
-3.797774   -2.870206   0.058173    13   12   248   0
-3.789428   -2.870498   0.052118    13   12   248   0
-3.781082   -2.870791   0.046063    13   12   248   0
-3.772736   -2.871084   0.040007    13   12   248   0
-3.764390   -2.871377   0.033952    13   12   248   0
-3.756043   -2.871669   0.027896    13   12   248   0
-3.747697   -2.871962   0.021841    13   12   248   0
-3.739351   -2.872255   0.015786    13   12   248   0
-3.731005   -2.872548   0.009730    13   12   248   0
-3.722659   -2.872840   0.003675    13   12   248   0
-3.714312   -2.873133   -0.002380    13   12   248   0
-3.705966   -2.873426   -0.008436    13   12   248   0
-3.697620   -2.873719   -0.014491    13   12   248   0
-3.689274   -2.874011   -0.020547    13   12   248   0
-3.680928   -2.874304   -0.026602    13   12   248   0
-3.672581   -2.874597   -0.032657    13   12   248   0
-3.664235   -2.874890   -0.038713    13   12   248   0
-3.655889   -2.875182   -0.044768    13   12   248   0
-3.647543   -2.875475   -0.050823    13   12   248   0
-3.639197   -2.875768   -0.056879    13   12   248   0
-3.630850   -2.876061   -0.062934    13   12   248   0
-3.622504   -2.876353   -0.068990    13   12   248   0
-3.614158   -2.876646   -0.075045    13   12   248   0
-3.605812   -2.876939   -0.081100    13   12   248   0
-3.597466   -2.877232   -0.087156    13   12   248   0
-3.589119   -2.877524   -0.093211    13   12   248   0
-3.580773   -2.877817   -0.099266    13   12   248   0
-3.572427   -2.878110   -0.105322    13   12   248   0
-3.564081   -2.878403   -0.111377    13   12   248   0
-3.555735   -2.878695   -0.117433    13   12   248   0
-3.547388   -2.878988   -0.123488    13   12   248   0
-3.539042   -2.879281   -0.129543    13   12   248   0
-3.530696   -2.879574   -0.135599    13   12   248   0
-3.522350   -2.879866   -0.141654    13   12   248   0
-3.514004   -2.880159   -0.147709    13   12   248   0
-3.505657   -2.880452   -0.153765    13   12   248   0
-3.497311   -2.880745   -0.159820    13   12   248   0
-3.488965   -2.881037   -0.165875    13   12   248   0
-3.480619   -2.881330   -0.171931    13   12   248   0
-3.472273   -2.881623   -0.177986    13   12   248   0
-3.463926   -2.881916   -0.184042    13   12   248   0
-3.455580   -2.882208   -0.190097    13   12   248   0
-3.447234   -2.882501   -0.196152    13   12   248   0
-3.438888   -2.882794   -0.202208    13   12   248   0
-3.430542   -2.883087   -0.208263    13   12   248   0
-3.422196   -2.883379   -0.214318    13   12   248   0
-3.413849   -2.883672   -0.220374    13   12   248   0
-3.405503   -2.883965   -0.226429    13   12   248   0
-3.397157   -2.884258   -0.232485    13   12   248   0
-3.388811   -2.884550   -0.238540    13   12   248   0
-3.380465   -2.884843   -0.244595    13   12   248   0
-3.372118   -2.885136   -0.250651    13   12   248   0
-3.363772   -2.885429   -0.256706    13   12   248   0
-3.355426   -2.885721   -0.262761    13   12   248   0
-3.347080   -2.886014   -0.268817    13   12   248   0
-3.338734   -2.886307   -0.274872    13   12   248   0
-3.330387   -2.886600   -0.280928    13   12   248   0
-3.322041   -2.886892   -0.286983    13   12   248   0
-3.313695   -2.887185   -0.293038    13   12   248   0
-3.305349   -2.887478   -0.299094    13   12   248   0
-3.297003   -2.887771   -0.305149    13   12   248   0
-3.288656   -2.888063   -0.311204    13   12   248   0
-3.280310   -2.888356   -0.317260    13   12   248   0
-3.271964   -2.888649   -0.323315    13   12   248   0
-3.263618   -2.888942   -0.329371    13   12   248   0
-3.255272   -2.889234   -0.335426    13   12   248   0
-3.246925   -2.889527   -0.341481    13   12   248   0
-3.238579   -2.889820   -0.347537    13   12   248   0
-3.230233   -2.890113   -0.353592    13   12   248   0
-3.221887   -2.890405   -0.359647    13   12   248   0
-3.213541   -2.890698   -0.365703    13   12   248   0
-3.205194   -2.890991   -0.371758    13   12   248   0
-3.196848   -2.891284   -0.377814    13   12   248   0
-3.188502   -2.891576   -0.383869    13   12   248   0
-3.180156   -2.891869   -0.389924    13   12   248   0
-3.171810   -2.892162   -0.395980    13   12   248   0
-3.163463   -2.892455   -0.402035    13   12   248   0
-3.155117   -2.892747   -0.408090    13   12   248   0
-3.146771   -2.893040   -0.414146    13   12   248   0
-3.138425   -2.893333   -0.420201    13   12   248   0
-3.130079   -2.893625   -0.426256    13   12   248   0
-3.121732   -2.893918   -0.432312    13   12   248   0
-3.113386   -2.894211   -0.438367    13   12   248   0
-3.105040   -2.894504   -0.444423    13   12   248   0
-3.096694   -2.894796   -0.450478    13   12   248   0
-3.088348   -2.895089   -0.456533    13   12   248   0
-3.080001   -2.895382   -0.462589    13   12   248   0
-3.071655   -2.895675   -0.468644    13   12   248   0
-3.063309   -2.895967   -0.474699    13   12   248   0
-3.054963   -2.896260   -0.480755    13   12   248   0
-3.046617   -2.896553   -0.486810    13   12   248   0
-3.038270   -2.896846   -0.492866    13   12   248   0
-3.029924   -2.897138   -0.498921    13   12   248   0
-3.021578   -2.897431   -0.504976    13   12   248   0
-3.013232   -2.897724   -0.511032    13   12   248   0
-3.004886   -2.898017   -0.517087    13   12   248   0
-2.996539   -2.898309   -0.523142    13   12   248   0
-2.988193   -2.898602   -0.529198    13   12   248   0
-2.979847   -2.898895   -0.535253    13   12   248   0
-2.971501   -2.899188   -0.541309    13   12   248   0
-2.963155   -2.899480   -0.547364    13   12   248   0
-2.954808   -2.899773   -0.553419    13   12   248   0
-2.946462   -2.900066   -0.559475    13   12   248   0
-2.938116   -2.900359   -0.565530    13   12   248   0
-2.929770   -2.900651   -0.571585    13   12   248   0
-2.921424   -2.900944   -0.577641    13   12   248   0
-2.913077   -2.901237   -0.583696    13   12   248   0
-2.904731   -2.901530   -0.589752    13   12   248   0
-2.896385   -2.901822   -0.595807    13   12   248   0
-2.888039   -2.902115   -0.601862    13   12   248   0
-2.879693   -2.902408   -0.607918    13   12   248   0
-2.871346   -2.902701   -0.613973    13   12   248   0
-2.863000   -2.902993   -0.620028    13   12   248   0
-2.854654   -2.903286   -0.626084    13   12   248   0
-2.846308   -2.903579   -0.632139    13   12   248   0
-2.837962   -2.903872   -0.638194    13   12   248   0
-2.829615   -2.904164   -0.644250    13   12   248   0
-2.821269   -2.904457   -0.650305    13   12   248   0
-2.812923   -2.904750   -0.656361    13   12   248   0
-2.804577   -2.905043   -0.662416    13   12   248   0
-2.796231   -2.905335   -0.668471    13   12   248   0
-2.787884   -2.905628   -0.674527    13   12   248   0
-2.779538   -2.905921   -0.680582    13   12   248   0
-2.771192   -2.906214   -0.686637    13   12   248   0
-2.762846   -2.906506   -0.692693    13   12   248   0
-2.754500   -2.906799   -0.698748    13   12   248   0
-2.746153   -2.907092   -0.704804    13   12   248   0
-2.737807   -2.907385   -0.710859    13   12   248   0
-2.729461   -2.907677   -0.716914    13   12   248   0
-2.721115   -2.907970   -0.722970    13   12   248   0
-2.712769   -2.908263   -0.729025    13   12   248   0
-2.704422   -2.908556   -0.735080    13   12   248   0
-2.696076   -2.908848   -0.741136    13   12   248   0
-2.687730   -2.909141   -0.747191    13   12   248   0
-2.679384   -2.909434   -0.753247    13   12   248   0
-2.671038   -2.909727   -0.759302    13   12   248   0
-2.662691   -2.910019   -0.765357    13   12   248   0
-2.654345   -2.910312   -0.771413    13   12   248   0
-2.645999   -2.910605   -0.777468    13   12   248   0
-2.637653   -2.910898   -0.783523    13   12   248   0
-2.629307   -2.911190   -0.789579    13   12   248   0
-2.620960   -2.911483   -0.795634    13   12   248   0
-2.612614   -2.911776   -0.801690    13   12   248   0
-2.604268   -2.912069   -0.807745    13   12   248   0
-2.595922   -2.912361   -0.813800    13   12   248   0
-2.587576   -2.912654   -0.819856    13   12   248   0
-2.579229   -2.912947   -0.825911    13   12   248   0
-2.570883   -2.913240   -0.831966    13   12   248   0
-2.562537   -2.913532   -0.838022    13   12   248   0
-2.554191   -2.913825   -0.844077    13   12   248   0
-2.545845   -2.914118   -0.850132    13   12   248   0
-2.537498   -2.914411   -0.856188    13   12   248   0
-2.529152   -2.914703   -0.862243    13   12   248   0
-2.520806   -2.914996   -0.868299    13   12   248   0
-2.512460   -2.915289   -0.874354    13   12   248   0
-2.504114   -2.915582   -0.880409    13   12   248   0
-2.495767   -2.915874   -0.886465    13   12   248   0
-2.487421   -2.916167   -0.892520    13   12   248   0
-2.479075   -2.916460   -0.898575    13   12   248   0
-2.470729   -2.916753   -0.904631    13   12   248   0
-2.462383   -2.917045   -0.910686    13   12   248   0
-2.454036   -2.917338   -0.916742    13   12   248   0
-2.445690   -2.917631   -0.922797    13   12   248   0
-2.437344   -2.917924   -0.928852    13   12   248   0
-2.428998   -2.918216   -0.934908    13   12   248   0
-2.420652   -2.918509   -0.940963    13   12   248   0
-2.412305   -2.918802   -0.947018    13   12   248   0
-2.403959   -2.919095   -0.953074    13   12   248   0
-2.395613   -2.919387   -0.959129    13   12   248   0
-2.387267   -2.919680   -0.965185    13   12   248   0
-2.378921   -2.919973   -0.971240    13   12   248   0
-2.370574   -2.920266   -0.977295    13   12   248   0
-2.362228   -2.920558   -0.983351    13   12   248   0
-2.353882   -2.920851   -0.989406    13   12   248   0
-2.345536   -2.921144   -0.995461    13   12   248   0
-2.337190   -2.921437   -1.001517    13   12   248   0
-2.328843   -2.921729   -1.007572    13   12   248   0
-2.320497   -2.922022   -1.013628    13   12   248   0
-2.312151   -2.922315   -1.019683    13   12   248   0
-2.303805   -2.922608   -1.025738    13   12   248   0
-2.295459   -2.922900   -1.031794    13   12   248   0
-2.287112   -2.923193   -1.037849    13   12   248   0
-2.278766   -2.923486   -1.043904    13   12   248   0
-2.270420   -2.923779   -1.049960    13   12   248   0
-2.262074   -2.924071   -1.056015    13   12   248   0
-2.253728   -2.924364   -1.062071    13   12   248   0
-2.245381   -2.924657   -1.068126    13   12   248   0
-2.237035   -2.924950   -1.074181    13   12   248   0
-2.228689   -2.925242   -1.080237    13   12   248   0
-2.220343   -2.925535   -1.086292    13   12   248   0
-2.211997   -2.925828   -1.092347    13   12   248   0
-2.203650   -2.926121   -1.098403    13   12   248   0
-2.195304   -2.926413   -1.104458    13   12   248   0
-2.186958   -2.926706   -1.110513    13   12   248   0
-2.178612   -2.926999   -1.116569    13   12   248   0
-2.170266   -2.927292   -1.122624    13   12   248   0
-2.161919   -2.927584   -1.128680    13   12   248   0
-2.153573   -2.927877   -1.134735    13   12   248   0
-2.145227   -2.928170   -1.140790    13   12   248   0
-2.136881   -2.928463   -1.146846    13   12   248   0
-2.128535   -2.928755   -1.152901    13   12   248   0
-2.120188   -2.929048   -1.158956    13   12   248   0
-2.111842   -2.929341   -1.165012    13   12   248   0
-2.103496   -2.929634   -1.171067    13   12   248   0
-2.095150   -2.929926   -1.177123    13   12   248   0
-2.086804   -2.930219   -1.183178    13   12   248   0
-2.078457   -2.930512   -1.189233    13   12   248   0
-2.070111   -2.930805   -1.195289    13   12   248   0
-2.061765   -2.931097   -1.201344    13   12   248   0
-2.053419   -2.931390   -1.207399    13   12   248   0
-2.045073   -2.931683   -1.213455    13   12   248   0
-2.036726   -2.931976   -1.219510    13   12   248   0
-2.028380   -2.932268   -1.225566    13   12   248   0
-2.020034   -2.932561   -1.231621    13   12   248   0
-2.011688   -2.932854   -1.237676    13   12   248   0
-2.003342   -2.933147   -1.243732    13   12   248   0
-1.994995   -2.933439   -1.249787    13   12   248   0
-1.986649   -2.933732   -1.255842    13   12   248   0
-1.978303   -2.934025   -1.261898    13   12   248   0
-1.969957   -2.934318   -1.267953    13   12   248   0
-1.961611   -2.934610   -1.274009    13   12   248   0
-1.953264   -2.934903   -1.280064    13   12   248   0
-1.944918   -2.935196   -1.286119    13   12   248   0
-1.936572   -2.935489   -1.292175    13   12   248   0
-1.928226   -2.935781   -1.298230    13   12   248   0
-1.919880   -2.936074   -1.304285    13   12   248   0
-1.911533   -2.936367   -1.310341    13   12   248   0
-1.903187   -2.936660   -1.316396    13   12   248   0
-1.894841   -2.936952   -1.322451    13   12   248   0
-1.886495   -2.937245   -1.328507    13   12   248   0
-1.878149   -2.937538   -1.334562    13   12   248   0
-1.869802   -2.937831   -1.340618    13   12   248   0
-9.475621   -2.271656   -1.933849    79   117   93   1
-9.472983   -2.272813   -1.923947    79   117   93   1
-9.470344   -2.273971   -1.914045    79   117   93   1
-9.467706   -2.275128   -1.904143    79   117   93   1
-9.465068   -2.276285   -1.894241    79   117   93   1
-9.462430   -2.277443   -1.884339    79   117   93   1
-9.459792   -2.278600   -1.874437    79   117   93   1
-9.457154   -2.279757   -1.864535    79   117   93   1
-9.454516   -2.280915   -1.854633    79   117   93   1
-9.451878   -2.282072   -1.844731    79   117   93   1
-9.449239   -2.283229   -1.834829    79   117   93   1
-9.446601   -2.284387   -1.824927    79   117   93   1
-9.443963   -2.285544   -1.815025    79   117   93   1
-9.441325   -2.286702   -1.805123    79   117   93   1
-9.438687   -2.287859   -1.795221    79   117   93   1
-9.436049   -2.289016   -1.785319    79   117   93   1
-9.433411   -2.290174   -1.775417    79   117   93   1
-9.430772   -2.291331   -1.765515    79   117   93   1
-9.428134   -2.292488   -1.755613    79   117   93   1
-9.425496   -2.293646   -1.745711    79   117   93   1
-9.422858   -2.294803   -1.735809    79   117   93   1
-9.420220   -2.295961   -1.725907    79   117   93   1
-9.417582   -2.297118   -1.716005    79   117   93   1
-9.414944   -2.298275   -1.706103    79   117   93   1
-9.412305   -2.299433   -1.696201    79   117   93   1
-9.409667   -2.300590   -1.686299    79   117   93   1
-9.407029   -2.301747   -1.676397    79   117   93   1
-9.404391   -2.302905   -1.666495    79   117   93   1
-9.401753   -2.304062   -1.656593    79   117   93   1
-9.399115   -2.305219   -1.646691    79   117   93   1
-9.396477   -2.306377   -1.636789    79   117   93   1
-9.393839   -2.307534   -1.626887    79   117   93   1
-9.391200   -2.308692   -1.616985    79   117   93   1
-9.388562   -2.309849   -1.607084    79   117   93   1
-9.385924   -2.311006   -1.597182    79   117   93   1
-9.383286   -2.312164   -1.587280    79   117   93   1
-9.380648   -2.313321   -1.577378    79   117   93   1
-9.378010   -2.314478   -1.567476    79   117   93   1
-9.375372   -2.315636   -1.557574    79   117   93   1
-9.372733   -2.316793   -1.547672    79   117   93   1
-9.370095   -2.317951   -1.537770    79   117   93   1
-9.367457   -2.319108   -1.527868    79   117   93   1
-9.364819   -2.320265   -1.517966    79   117   93   1
-9.362181   -2.321423   -1.508064    79   117   93   1
-9.359543   -2.322580   -1.498162    79   117   93   1
-9.356905   -2.323737   -1.488260    79   117   93   1
-9.354267   -2.324895   -1.478358    79   117   93   1
-9.351628   -2.326052   -1.468456    79   117   93   1
-9.348990   -2.327209   -1.458554    79   117   93   1
-9.346352   -2.328367   -1.448652    79   117   93   1
-9.343714   -2.329524   -1.438750    79   117   93   1
-9.341076   -2.330682   -1.428848    79   117   93   1
-9.338438   -2.331839   -1.418946    79   117   93   1
-9.335800   -2.332996   -1.409044    79   117   93   1
-9.333161   -2.334154   -1.399142    79   117   93   1
-9.330523   -2.335311   -1.389240    79   117   93   1
-9.327885   -2.336468   -1.379338    79   117   93   1
-9.325247   -2.337626   -1.369436    79   117   93   1
-9.322609   -2.338783   -1.359534    79   117   93   1
-9.319971   -2.339941   -1.349632    79   117   93   1
-9.317333   -2.341098   -1.339730    79   117   93   1
-9.314694   -2.342255   -1.329828    79   117   93   1
-9.312056   -2.343413   -1.319926    79   117   93   1
-9.309418   -2.344570   -1.310024    79   117   93   1
-9.306780   -2.345727   -1.300122    79   117   93   1
-9.304142   -2.346885   -1.290220    79   117   93   1
-9.301504   -2.348042   -1.280318    79   117   93   1
-9.298866   -2.349199   -1.270416    79   117   93   1
-9.296228   -2.350357   -1.260514    79   117   93   1
-9.293589   -2.351514   -1.250612    79   117   93   1
-9.290951   -2.352672   -1.240710    79   117   93   1
-9.288313   -2.353829   -1.230808    79   117   93   1
-9.285675   -2.354986   -1.220906    79   117   93   1
-9.283037   -2.356144   -1.211004    79   117   93   1
-9.280399   -2.357301   -1.201102    79   117   93   1
-9.277761   -2.358458   -1.191200    79   117   93   1
-9.275122   -2.359616   -1.181298    79   117   93   1
-9.272484   -2.360773   -1.171396    79   117   93   1
-9.269846   -2.361931   -1.161494    79   117   93   1
-9.267208   -2.363088   -1.151592    79   117   93   1
-9.264570   -2.364245   -1.141690    79   117   93   1
-9.261932   -2.365403   -1.131788    79   117   93   1
-9.259294   -2.366560   -1.121886    79   117   93   1
-9.256655   -2.367717   -1.111984    79   117   93   1
-9.254017   -2.368875   -1.102082    79   117   93   1
-9.251379   -2.370032   -1.092180    79   117   93   1
-9.248741   -2.371189   -1.082278    79   117   93   1
-9.246103   -2.372347   -1.072376    79   117   93   1
-9.243465   -2.373504   -1.062474    79   117   93   1
-9.240827   -2.374662   -1.052572    79   117   93   1
-9.238189   -2.375819   -1.042670    79   117   93   1
-9.235550   -2.376976   -1.032768    79   117   93   1
-9.232912   -2.378134   -1.022866    79   117   93   1
-9.230274   -2.379291   -1.012965    79   117   93   1
-9.227636   -2.380448   -1.003063    79   117   93   1
-9.224998   -2.381606   -0.993161    79   117   93   1
-9.222360   -2.382763   -0.983259    79   117   93   1
-9.219722   -2.383921   -0.973357    79   117   93   1
-9.217083   -2.385078   -0.963455    79   117   93   1
-9.214445   -2.386235   -0.953553    79   117   93   1
-9.211807   -2.387393   -0.943651    79   117   93   1
-9.209169   -2.388550   -0.933749    79   117   93   1
-9.206531   -2.389707   -0.923847    79   117   93   1
-9.203893   -2.390865   -0.913945    79   117   93   1
-9.201255   -2.392022   -0.904043    79   117   93   1
-9.198617   -2.393179   -0.894141    79   117   93   1
-9.195978   -2.394337   -0.884239    79   117   93   1
-9.193340   -2.395494   -0.874337    79   117   93   1
-9.190702   -2.396652   -0.864435    79   117   93   1
-9.188064   -2.397809   -0.854533    79   117   93   1
-9.185426   -2.398966   -0.844631    79   117   93   1
-9.182788   -2.400124   -0.834729    79   117   93   1
-9.180150   -2.401281   -0.824827    79   117   93   1
-9.177511   -2.402438   -0.814925    79   117   93   1
-9.174873   -2.403596   -0.805023    79   117   93   1
-9.172235   -2.404753   -0.795121    79   117   93   1
-9.169597   -2.405911   -0.785219    79   117   93   1
-9.166959   -2.407068   -0.775317    79   117   93   1
-9.164321   -2.408225   -0.765415    79   117   93   1
-9.161683   -2.409383   -0.755513    79   117   93   1
-9.159044   -2.410540   -0.745611    79   117   93   1
-9.156406   -2.411697   -0.735709    79   117   93   1
-9.153768   -2.412855   -0.725807    79   117   93   1
-9.151130   -2.414012   -0.715905    79   117   93   1
-9.148492   -2.415170   -0.706003    79   117   93   1
-9.145854   -2.416327   -0.696101    79   117   93   1
-9.143216   -2.417484   -0.686199    79   117   93   1
-9.140578   -2.418642   -0.676297    79   117   93   1
-9.137939   -2.419799   -0.666395    79   117   93   1
-9.135301   -2.420956   -0.656493    79   117   93   1
-9.132663   -2.422114   -0.646591    79   117   93   1
-9.130025   -2.423271   -0.636689    79   117   93   1
-9.127387   -2.424428   -0.626787    79   117   93   1
-9.124749   -2.425586   -0.616885    79   117   93   1
-9.122111   -2.426743   -0.606983    79   117   93   1
-9.119472   -2.427901   -0.597081    79   117   93   1
-9.116834   -2.429058   -0.587179    79   117   93   1
-9.114196   -2.430215   -0.577277    79   117   93   1
-9.111558   -2.431373   -0.567375    79   117   93   1
-9.108920   -2.432530   -0.557473    79   117   93   1
-9.106282   -2.433687   -0.547571    79   117   93   1
-9.103644   -2.434845   -0.537669    79   117   93   1
-9.101005   -2.436002   -0.527767    79   117   93   1
-9.098367   -2.437160   -0.517865    79   117   93   1
-9.095729   -2.438317   -0.507963    79   117   93   1
-9.093091   -2.439474   -0.498061    79   117   93   1
-9.090453   -2.440632   -0.488159    79   117   93   1
-9.087815   -2.441789   -0.478257    79   117   93   1
-9.085177   -2.442946   -0.468355    79   117   93   1
-9.082539   -2.444104   -0.458453    79   117   93   1
-9.079900   -2.445261   -0.448551    79   117   93   1
-9.077262   -2.446418   -0.438649    79   117   93   1
-9.074624   -2.447576   -0.428748    79   117   93   1
-9.071986   -2.448733   -0.418846    79   117   93   1
-9.069348   -2.449891   -0.408944    79   117   93   1
-9.066710   -2.451048   -0.399042    79   117   93   1
-9.064072   -2.452205   -0.389140    79   117   93   1
-9.061433   -2.453363   -0.379238    79   117   93   1
-9.058795   -2.454520   -0.369336    79   117   93   1
-9.056157   -2.455677   -0.359434    79   117   93   1
-9.053519   -2.456835   -0.349532    79   117   93   1
-9.050881   -2.457992   -0.339630    79   117   93   1
-9.048243   -2.459150   -0.329728    79   117   93   1
-9.045605   -2.460307   -0.319826    79   117   93   1
-9.042967   -2.461464   -0.309924    79   117   93   1
-9.040328   -2.462622   -0.300022    79   117   93   1
-9.037690   -2.463779   -0.290120    79   117   93   1
-9.035052   -2.464936   -0.280218    79   117   93   1
-9.032414   -2.466094   -0.270316    79   117   93   1
-9.029776   -2.467251   -0.260414    79   117   93   1
-9.027138   -2.468408   -0.250512    79   117   93   1
-9.024500   -2.469566   -0.240610    79   117   93   1
-9.021861   -2.470723   -0.230708    79   117   93   1
-9.019223   -2.471881   -0.220806    79   117   93   1
-9.016585   -2.473038   -0.210904    79   117   93   1
-9.013947   -2.474195   -0.201002    79   117   93   1
-9.011309   -2.475353   -0.191100    79   117   93   1
-9.008671   -2.476510   -0.181198    79   117   93   1
-9.006033   -2.477667   -0.171296    79   117   93   1
-9.003394   -2.478825   -0.161394    79   117   93   1
-9.000756   -2.479982   -0.151492    79   117   93   1
-8.998118   -2.481140   -0.141590    79   117   93   1
-8.995480   -2.482297   -0.131688    79   117   93   1
-8.992842   -2.483454   -0.121786    79   117   93   1
-8.990204   -2.484612   -0.111884    79   117   93   1
-8.987566   -2.485769   -0.101982    79   117   93   1
-8.984928   -2.486926   -0.092080    79   117   93   1
-8.982289   -2.488084   -0.082178    79   117   93   1
-8.979651   -2.489241   -0.072276    79   117   93   1
-8.977013   -2.490398   -0.062374    79   117   93   1
-8.974375   -2.491556   -0.052472    79   117   93   1
-8.971737   -2.492713   -0.042570    79   117   93   1
-8.969099   -2.493871   -0.032668    79   117   93   1
-8.966461   -2.495028   -0.022766    79   117   93   1
-8.963822   -2.496185   -0.012864    79   117   93   1
-8.961184   -2.497343   -0.002962    79   117   93   1
-8.958546   -2.498500   0.006940    79   117   93   1
-8.955908   -2.499657   0.016842    79   117   93   1
-8.953270   -2.500815   0.026744    79   117   93   1
-8.950632   -2.501972   0.036646    79   117   93   1
-8.947994   -2.503130   0.046548    79   117   93   1
-8.945355   -2.504287   0.056450    79   117   93   1
-8.942717   -2.505444   0.066352    79   117   93   1
-8.940079   -2.506602   0.076254    79   117   93   1
-8.937441   -2.507759   0.086156    79   117   93   1
-8.934803   -2.508916   0.096058    79   117   93   1
-8.932165   -2.510074   0.105960    79   117   93   1
-8.929527   -2.511231   0.115862    79   117   93   1
-8.926889   -2.512388   0.125764    79   117   93   1
-8.924250   -2.513546   0.135666    79   117   93   1
-8.921612   -2.514703   0.145568    79   117   93   1
-8.918974   -2.515861   0.155469    79   117   93   1
-8.916336   -2.517018   0.165371    79   117   93   1
-8.913698   -2.518175   0.175273    79   117   93   1
-8.911060   -2.519333   0.185175    79   117   93   1
-8.908422   -2.520490   0.195077    79   117   93   1
-8.905783   -2.521647   0.204979    79   117   93   1
-8.903145   -2.522805   0.214881    79   117   93   1
-8.900507   -2.523962   0.224783    79   117   93   1
-8.897869   -2.525120   0.234685    79   117   93   1
-8.895231   -2.526277   0.244587    79   117   93   1
-8.892593   -2.527434   0.254489    79   117   93   1
-8.889955   -2.528592   0.264391    79   117   93   1
-8.887317   -2.529749   0.274293    79   117   93   1
-8.884678   -2.530906   0.284195    79   117   93   1
-8.882040   -2.532064   0.294097    79   117   93   1
-8.879402   -2.533221   0.303999    79   117   93   1
-8.876764   -2.534379   0.313901    79   117   93   1
-8.874126   -2.535536   0.323803    79   117   93   1
-8.871488   -2.536693   0.333705    79   117   93   1
-8.868850   -2.537851   0.343607    79   117   93   1
-8.866211   -2.539008   0.353509    79   117   93   1
-8.863573   -2.540165   0.363411    79   117   93   1
-8.860935   -2.541323   0.373313    79   117   93   1
-8.858297   -2.542480   0.383215    79   117   93   1
-8.855659   -2.543637   0.393117    79   117   93   1
-8.853021   -2.544795   0.403019    79   117   93   1
-8.850383   -2.545952   0.412921    79   117   93   1
-8.847744   -2.547110   0.422823    79   117   93   1
-8.845106   -2.548267   0.432725    79   117   93   1
-8.842468   -2.549424   0.442627    79   117   93   1
-8.839830   -2.550582   0.452529    79   117   93   1
-8.837192   -2.551739   0.462431    79   117   93   1
-8.834554   -2.552896   0.472333    79   117   93   1
-8.831916   -2.554054   0.482235    79   117   93   1
-8.829278   -2.555211   0.492137    79   117   93   1
-8.826639   -2.556369   0.502039    79   117   93   1
-8.824001   -2.557526   0.511941    79   117   93   1
-8.821363   -2.558683   0.521843    79   117   93   1
-8.818725   -2.559841   0.531745    79   117   93   1
-8.816087   -2.560998   0.541647    79   117   93   1
-8.813449   -2.562155   0.551549    79   117   93   1
-8.810811   -2.563313   0.561451    79   117   93   1
-8.808172   -2.564470   0.571353    79   117   93   1
-8.805534   -2.565627   0.581255    79   117   93   1
-8.802896   -2.566785   0.591157    79   117   93   1
-8.800258   -2.567942   0.601059    79   117   93   1
-8.797620   -2.569100   0.610961    79   117   93   1
-8.794982   -2.570257   0.620863    79   117   93   1
-8.792344   -2.571414   0.630765    79   117   93   1
-8.789705   -2.572572   0.640667    79   117   93   1
-8.787067   -2.573729   0.650569    79   117   93   1
-8.784429   -2.574886   0.660471    79   117   93   1
-8.781791   -2.576044   0.670373    79   117   93   1
-8.779153   -2.577201   0.680275    79   117   93   1
-8.776515   -2.578359   0.690177    79   117   93   1
-8.773877   -2.579516   0.700079    79   117   93   1
-8.771239   -2.580673   0.709981    79   117   93   1
-8.768600   -2.581831   0.719883    79   117   93   1
-8.765962   -2.582988   0.729785    79   117   93   1
-8.763324   -2.584145   0.739686    79   117   93   1
-8.760686   -2.585303   0.749588    79   117   93   1
-8.758048   -2.586460   0.759490    79   117   93   1
-8.755410   -2.587617   0.769392    79   117   93   1
-8.752772   -2.588775   0.779294    79   117   93   1
-8.750133   -2.589932   0.789196    79   117   93   1
-8.747495   -2.591090   0.799098    79   117   93   1
-8.744857   -2.592247   0.809000    79   117   93   1
-8.742219   -2.593404   0.818902    79   117   93   1
-8.739581   -2.594562   0.828804    79   117   93   1
-8.736943   -2.595719   0.838706    79   117   93   1
-8.734305   -2.596876   0.848608    79   117   93   1
-8.731667   -2.598034   0.858510    79   117   93   1
-8.729028   -2.599191   0.868412    79   117   93   1
-8.726390   -2.600349   0.878314    79   117   93   1
-8.723752   -2.601506   0.888216    79   117   93   1
-8.721114   -2.602663   0.898118    79   117   93   1
-8.718476   -2.603821   0.908020    79   117   93   1
-8.715838   -2.604978   0.917922    79   117   93   1
-8.713200   -2.606135   0.927824    79   117   93   1
-8.710561   -2.607293   0.937726    79   117   93   1
-8.707923   -2.608450   0.947628    79   117   93   1
-8.705285   -2.609607   0.957530    79   117   93   1
-8.702647   -2.610765   0.967432    79   117   93   1
-8.700009   -2.611922   0.977334    79   117   93   1
-8.697371   -2.613080   0.987236    79   117   93   1
-8.694733   -2.614237   0.997138    79   117   93   1
-8.692094   -2.615394   1.007040    79   117   93   1
-8.689456   -2.616552   1.016942    79   117   93   1
-8.686818   -2.617709   1.026844    79   117   93   1
-8.684180   -2.618866   1.036746    79   117   93   1
-8.681542   -2.620024   1.046648    79   117   93   1
-8.678904   -2.621181   1.056550    79   117   93   1
-8.676266   -2.622339   1.066452    79   117   93   1
-8.673628   -2.623496   1.076354    79   117   93   1
-8.670989   -2.624653   1.086256    79   117   93   1
-8.668351   -2.625811   1.096158    79   117   93   1
-8.665713   -2.626968   1.106060    79   117   93   1
-8.663075   -2.628125   1.115962    79   117   93   1
-8.660437   -2.629283   1.125864    79   117   93   1
-8.657799   -2.630440   1.135766    79   117   93   1
-8.655161   -2.631597   1.145668    79   117   93   1
-8.652522   -2.632755   1.155570    79   117   93   1
-8.649884   -2.633912   1.165472    79   117   93   1
-8.647246   -2.635070   1.175374    79   117   93   1
-8.644608   -2.636227   1.185276    79   117   93   1
-8.641970   -2.637384   1.195178    79   117   93   1
-8.639332   -2.638542   1.205080    79   117   93   1
-8.636694   -2.639699   1.214982    79   117   93   1
-8.634055   -2.640856   1.224884    79   117   93   1
-8.631417   -2.642014   1.234786    79   117   93   1
-8.628779   -2.643171   1.244688    79   117   93   1
-8.626141   -2.644329   1.254590    79   117   93   1
-8.623503   -2.645486   1.264492    79   117   93   1
-8.620865   -2.646643   1.274394    79   117   93   1
-8.618227   -2.647801   1.284296    79   117   93   1
-8.615589   -2.648958   1.294198    79   117   93   1
-8.612950   -2.650115   1.304100    79   117   93   1
-8.610312   -2.651273   1.314002    79   117   93   1
-8.607674   -2.652430   1.323903    79   117   93   1
-8.605036   -2.653587   1.333805    79   117   93   1
-8.602398   -2.654745   1.343707    79   117   93   1
-8.599760   -2.655902   1.353609    79   117   93   1
-8.597122   -2.657060   1.363511    79   117   93   1
-8.594483   -2.658217   1.373413    79   117   93   1
-8.591845   -2.659374   1.383315    79   117   93   1
-8.589207   -2.660532   1.393217    79   117   93   1
-8.586569   -2.661689   1.403119    79   117   93   1
-8.583931   -2.662846   1.413021    79   117   93   1
-8.581293   -2.664004   1.422923    79   117   93   1
-8.578655   -2.665161   1.432825    79   117   93   1
-8.576017   -2.666319   1.442727    79   117   93   1
-8.573378   -2.667476   1.452629    79   117   93   1
-8.570740   -2.668633   1.462531    79   117   93   1
-8.568102   -2.669791   1.472433    79   117   93   1
-8.565464   -2.670948   1.482335    79   117   93   1
-8.562826   -2.672105   1.492237    79   117   93   1
-8.560188   -2.673263   1.502139    79   117   93   1
-8.557550   -2.674420   1.512041    79   117   93   1
-8.554911   -2.675578   1.521943    79   117   93   1
-8.552273   -2.676735   1.531845    79   117   93   1
-8.549635   -2.677892   1.541747    79   117   93   1
-8.546997   -2.679050   1.551649    79   117   93   1
-8.544359   -2.680207   1.561551    79   117   93   1
-8.541721   -2.681364   1.571453    79   117   93   1
-8.539083   -2.682522   1.581355    79   117   93   1
-8.536444   -2.683679   1.591257    79   117   93   1
-8.533806   -2.684836   1.601159    79   117   93   1
-8.531168   -2.685994   1.611061    79   117   93   1
-8.528530   -2.687151   1.620963    79   117   93   1
-8.525892   -2.688309   1.630865    79   117   93   1
-8.523254   -2.689466   1.640767    79   117   93   1
-8.520616   -2.690623   1.650669    79   117   93   1
-8.517978   -2.691781   1.660571    79   117   93   1
-8.515339   -2.692938   1.670473    79   117   93   1
-8.512701   -2.694095   1.680375    79   117   93   1
-8.510063   -2.695253   1.690277    79   117   93   1
-8.507425   -2.696410   1.700179    79   117   93   1
-8.504787   -2.697568   1.710081    79   117   93   1
-8.502149   -2.698725   1.719983    79   117   93   1
-8.499511   -2.699882   1.729885    79   117   93   1
-8.496872   -2.701040   1.739787    79   117   93   1
-8.494234   -2.702197   1.749689    79   117   93   1
-8.491596   -2.703354   1.759591    79   117   93   1
-8.488958   -2.704512   1.769493    79   117   93   1
-8.486320   -2.705669   1.779395    79   117   93   1
-8.483682   -2.706826   1.789297    79   117   93   1
-8.481044   -2.707984   1.799199    79   117   93   1
-8.478405   -2.709141   1.809101    79   117   93   1
-8.475767   -2.710299   1.819003    79   117   93   1
-8.473129   -2.711456   1.828905    79   117   93   1
-8.470491   -2.712613   1.838807    79   117   93   1
-8.467853   -2.713771   1.848709    79   117   93   1
-8.465215   -2.714928   1.858611    79   117   93   1
-8.462577   -2.716085   1.868513    79   117   93   1
-8.459939   -2.717243   1.878415    79   117   93   1
-8.457300   -2.718400   1.888317    79   117   93   1
-8.454662   -2.719558   1.898219    79   117   93   1
-8.452024   -2.720715   1.908120    79   117   93   1
-8.449386   -2.721872   1.918022    79   117   93   1
-8.446748   -2.723030   1.927924    79   117   93   1
-8.444110   -2.724187   1.937826    79   117   93   1
-8.441472   -2.725344   1.947728    79   117   93   1
-8.438833   -2.726502   1.957630    79   117   93   1
-8.436195   -2.727659   1.967532    79   117   93   1
-8.433557   -2.728816   1.977434    79   117   93   1
-8.430919   -2.729974   1.987336    79   117   93   1
-7.673983   -2.719580   1.413218    26   198   196   2
-7.677142   -2.718405   1.403473    26   198   196   2
-7.680301   -2.717231   1.393727    26   198   196   2
-7.683460   -2.716057   1.383981    26   198   196   2
-7.686619   -2.714883   1.374235    26   198   196   2
-7.689778   -2.713709   1.364489    26   198   196   2
-7.692937   -2.712535   1.354743    26   198   196   2
-7.696096   -2.711360   1.344997    26   198   196   2
-7.699255   -2.710186   1.335252    26   198   196   2
-7.702414   -2.709012   1.325506    26   198   196   2
-7.705573   -2.707838   1.315760    26   198   196   2
-7.708732   -2.706664   1.306014    26   198   196   2
-7.711891   -2.705489   1.296268    26   198   196   2
-7.715051   -2.704315   1.286522    26   198   196   2
-7.718210   -2.703141   1.276776    26   198   196   2
-7.721369   -2.701967   1.267031    26   198   196   2
-7.724528   -2.700793   1.257285    26   198   196   2
-7.727687   -2.699619   1.247539    26   198   196   2
-7.730846   -2.698444   1.237793    26   198   196   2
-7.734005   -2.697270   1.228047    26   198   196   2
-7.737164   -2.696096   1.218301    26   198   196   2
-7.740323   -2.694922   1.208555    26   198   196   2
-7.743482   -2.693748   1.198809    26   198   196   2
-7.746641   -2.692573   1.189064    26   198   196   2
-7.749800   -2.691399   1.179318    26   198   196   2
-7.752959   -2.690225   1.169572    26   198   196   2
-7.756118   -2.689051   1.159826    26   198   196   2
-7.759277   -2.687877   1.150080    26   198   196   2
-7.762436   -2.686703   1.140334    26   198   196   2
-7.765595   -2.685528   1.130588    26   198   196   2
-7.768755   -2.684354   1.120843    26   198   196   2
-7.771914   -2.683180   1.111097    26   198   196   2
-7.775073   -2.682006   1.101351    26   198   196   2
-7.778232   -2.680832   1.091605    26   198   196   2
-7.781391   -2.679657   1.081859    26   198   196   2
-7.784550   -2.678483   1.072113    26   198   196   2
-7.787709   -2.677309   1.062367    26   198   196   2
-7.790868   -2.676135   1.052621    26   198   196   2
-7.794027   -2.674961   1.042876    26   198   196   2
-7.797186   -2.673787   1.033130    26   198   196   2
-7.800345   -2.672612   1.023384    26   198   196   2
-7.803504   -2.671438   1.013638    26   198   196   2
-7.806663   -2.670264   1.003892    26   198   196   2
-7.809822   -2.669090   0.994146    26   198   196   2
-7.812981   -2.667916   0.984400    26   198   196   2
-7.816140   -2.666741   0.974655    26   198   196   2
-7.819299   -2.665567   0.964909    26   198   196   2
-7.822459   -2.664393   0.955163    26   198   196   2
-7.825618   -2.663219   0.945417    26   198   196   2
-7.828777   -2.662045   0.935671    26   198   196   2
-7.831936   -2.660871   0.925925    26   198   196   2
-7.835095   -2.659696   0.916179    26   198   196   2
-7.838254   -2.658522   0.906433    26   198   196   2
-7.841413   -2.657348   0.896688    26   198   196   2
-7.844572   -2.656174   0.886942    26   198   196   2
-7.847731   -2.655000   0.877196    26   198   196   2
-7.850890   -2.653825   0.867450    26   198   196   2
-7.854049   -2.652651   0.857704    26   198   196   2
-7.857208   -2.651477   0.847958    26   198   196   2
-7.860367   -2.650303   0.838212    26   198   196   2
-7.863526   -2.649129   0.828467    26   198   196   2
-7.866685   -2.647955   0.818721    26   198   196   2
-7.869844   -2.646780   0.808975    26   198   196   2
-7.873003   -2.645606   0.799229    26   198   196   2
-7.876163   -2.644432   0.789483    26   198   196   2
-7.879322   -2.643258   0.779737    26   198   196   2
-7.882481   -2.642084   0.769991    26   198   196   2
-7.885640   -2.640910   0.760245    26   198   196   2
-7.888799   -2.639735   0.750500    26   198   196   2
-7.891958   -2.638561   0.740754    26   198   196   2
-7.895117   -2.637387   0.731008    26   198   196   2
-7.898276   -2.636213   0.721262    26   198   196   2
-7.901435   -2.635039   0.711516    26   198   196   2
-7.904594   -2.633864   0.701770    26   198   196   2
-7.907753   -2.632690   0.692024    26   198   196   2
-7.910912   -2.631516   0.682279    26   198   196   2
-7.914071   -2.630342   0.672533    26   198   196   2
-7.917230   -2.629168   0.662787    26   198   196   2
-7.920389   -2.627994   0.653041    26   198   196   2
-7.923548   -2.626819   0.643295    26   198   196   2
-7.926707   -2.625645   0.633549    26   198   196   2
-7.929866   -2.624471   0.623803    26   198   196   2
-7.933026   -2.623297   0.614058    26   198   196   2
-7.936185   -2.622123   0.604312    26   198   196   2
-7.939344   -2.620948   0.594566    26   198   196   2
-7.942503   -2.619774   0.584820    26   198   196   2
-7.945662   -2.618600   0.575074    26   198   196   2
-7.948821   -2.617426   0.565328    26   198   196   2
-7.951980   -2.616252   0.555582    26   198   196   2
-7.955139   -2.615078   0.545836    26   198   196   2
-7.958298   -2.613903   0.536091    26   198   196   2
-7.961457   -2.612729   0.526345    26   198   196   2
-7.964616   -2.611555   0.516599    26   198   196   2
-7.967775   -2.610381   0.506853    26   198   196   2
-7.970934   -2.609207   0.497107    26   198   196   2
-7.974093   -2.608032   0.487361    26   198   196   2
-7.977252   -2.606858   0.477615    26   198   196   2
-7.980411   -2.605684   0.467870    26   198   196   2
-7.983570   -2.604510   0.458124    26   198   196   2
-7.986730   -2.603336   0.448378    26   198   196   2
-7.989889   -2.602162   0.438632    26   198   196   2
-7.993048   -2.600987   0.428886    26   198   196   2
-7.996207   -2.599813   0.419140    26   198   196   2
-7.999366   -2.598639   0.409394    26   198   196   2
-8.002525   -2.597465   0.399648    26   198   196   2
-8.005684   -2.596291   0.389903    26   198   196   2
-8.008843   -2.595116   0.380157    26   198   196   2
-8.012002   -2.593942   0.370411    26   198   196   2
-8.015161   -2.592768   0.360665    26   198   196   2
-8.018320   -2.591594   0.350919    26   198   196   2
-8.021479   -2.590420   0.341173    26   198   196   2
-8.024638   -2.589246   0.331427    26   198   196   2
-8.027797   -2.588071   0.321682    26   198   196   2
-8.030956   -2.586897   0.311936    26   198   196   2
-8.034115   -2.585723   0.302190    26   198   196   2
-8.037274   -2.584549   0.292444    26   198   196   2
-8.040434   -2.583375   0.282698    26   198   196   2
-8.043593   -2.582200   0.272952    26   198   196   2
-8.046752   -2.581026   0.263206    26   198   196   2
-8.049911   -2.579852   0.253460    26   198   196   2
-8.053070   -2.578678   0.243715    26   198   196   2
-8.056229   -2.577504   0.233969    26   198   196   2
-8.059388   -2.576330   0.224223    26   198   196   2
-8.062547   -2.575155   0.214477    26   198   196   2
-8.065706   -2.573981   0.204731    26   198   196   2
-8.068865   -2.572807   0.194985    26   198   196   2
-8.072024   -2.571633   0.185239    26   198   196   2
-8.075183   -2.570459   0.175494    26   198   196   2
-8.078342   -2.569284   0.165748    26   198   196   2
-8.081501   -2.568110   0.156002    26   198   196   2
-8.084660   -2.566936   0.146256    26   198   196   2
-8.087819   -2.565762   0.136510    26   198   196   2
-8.090978   -2.564588   0.126764    26   198   196   2
-8.094138   -2.563414   0.117018    26   198   196   2
-8.097297   -2.562239   0.107272    26   198   196   2
-8.100456   -2.561065   0.097527    26   198   196   2
-8.103615   -2.559891   0.087781    26   198   196   2
-8.106774   -2.558717   0.078035    26   198   196   2
-8.109933   -2.557543   0.068289    26   198   196   2
-8.113092   -2.556368   0.058543    26   198   196   2
-8.116251   -2.555194   0.048797    26   198   196   2
-8.119410   -2.554020   0.039051    26   198   196   2
-8.122569   -2.552846   0.029306    26   198   196   2
-8.125728   -2.551672   0.019560    26   198   196   2
-8.128887   -2.550498   0.009814    26   198   196   2
-8.132046   -2.549323   0.000068    26   198   196   2
-8.135205   -2.548149   -0.009678    26   198   196   2
-8.138364   -2.546975   -0.019424    26   198   196   2
-8.141523   -2.545801   -0.029170    26   198   196   2
-8.144682   -2.544627   -0.038916    26   198   196   2
-8.147842   -2.543452   -0.048661    26   198   196   2
-8.151001   -2.542278   -0.058407    26   198   196   2
-8.154160   -2.541104   -0.068153    26   198   196   2
-8.157319   -2.539930   -0.077899    26   198   196   2
-8.160478   -2.538756   -0.087645    26   198   196   2
-8.163637   -2.537582   -0.097391    26   198   196   2
-8.166796   -2.536407   -0.107137    26   198   196   2
-8.169955   -2.535233   -0.116882    26   198   196   2
-8.173114   -2.534059   -0.126628    26   198   196   2
-8.176273   -2.532885   -0.136374    26   198   196   2
-8.179432   -2.531711   -0.146120    26   198   196   2
-8.182591   -2.530537   -0.155866    26   198   196   2
-8.185750   -2.529362   -0.165612    26   198   196   2
-8.188909   -2.528188   -0.175358    26   198   196   2
-8.192068   -2.527014   -0.185103    26   198   196   2
-8.195227   -2.525840   -0.194849    26   198   196   2
-8.198386   -2.524666   -0.204595    26   198   196   2
-8.201546   -2.523491   -0.214341    26   198   196   2
-8.204705   -2.522317   -0.224087    26   198   196   2
-8.207864   -2.521143   -0.233833    26   198   196   2
-8.211023   -2.519969   -0.243579    26   198   196   2
-8.214182   -2.518795   -0.253325    26   198   196   2
-8.217341   -2.517621   -0.263070    26   198   196   2
-8.220500   -2.516446   -0.272816    26   198   196   2
-8.223659   -2.515272   -0.282562    26   198   196   2
-8.226818   -2.514098   -0.292308    26   198   196   2
-8.229977   -2.512924   -0.302054    26   198   196   2
-8.233136   -2.511750   -0.311800    26   198   196   2
-8.236295   -2.510575   -0.321546    26   198   196   2
-8.239454   -2.509401   -0.331291    26   198   196   2
-8.242613   -2.508227   -0.341037    26   198   196   2
-8.245772   -2.507053   -0.350783    26   198   196   2
-8.248931   -2.505879   -0.360529    26   198   196   2
-8.252090   -2.504705   -0.370275    26   198   196   2
-8.255250   -2.503530   -0.380021    26   198   196   2
-8.258409   -2.502356   -0.389767    26   198   196   2
-8.261568   -2.501182   -0.399513    26   198   196   2
-8.264727   -2.500008   -0.409258    26   198   196   2
-8.267886   -2.498834   -0.419004    26   198   196   2
-8.271045   -2.497659   -0.428750    26   198   196   2
-8.274204   -2.496485   -0.438496    26   198   196   2
-8.277363   -2.495311   -0.448242    26   198   196   2
-8.280522   -2.494137   -0.457988    26   198   196   2
-8.283681   -2.492963   -0.467734    26   198   196   2
-8.286840   -2.491789   -0.477479    26   198   196   2
-8.289999   -2.490614   -0.487225    26   198   196   2
-8.293158   -2.489440   -0.496971    26   198   196   2
-8.296317   -2.488266   -0.506717    26   198   196   2
-8.299476   -2.487092   -0.516463    26   198   196   2
-8.302635   -2.485918   -0.526209    26   198   196   2
-8.305794   -2.484743   -0.535955    26   198   196   2
-8.308953   -2.483569   -0.545701    26   198   196   2
-8.312113   -2.482395   -0.555446    26   198   196   2
-8.315272   -2.481221   -0.565192    26   198   196   2
-8.318431   -2.480047   -0.574938    26   198   196   2
-8.321590   -2.478873   -0.584684    26   198   196   2
-8.324749   -2.477698   -0.594430    26   198   196   2
-8.327908   -2.476524   -0.604176    26   198   196   2
-8.331067   -2.475350   -0.613922    26   198   196   2
-8.334226   -2.474176   -0.623667    26   198   196   2
-8.337385   -2.473002   -0.633413    26   198   196   2
-8.340544   -2.471827   -0.643159    26   198   196   2
-8.343703   -2.470653   -0.652905    26   198   196   2
-8.346862   -2.469479   -0.662651    26   198   196   2
-8.350021   -2.468305   -0.672397    26   198   196   2
-8.353180   -2.467131   -0.682143    26   198   196   2
-8.356339   -2.465957   -0.691889    26   198   196   2
-8.359498   -2.464782   -0.701634    26   198   196   2
-8.362657   -2.463608   -0.711380    26   198   196   2
-8.365817   -2.462434   -0.721126    26   198   196   2
-8.368976   -2.461260   -0.730872    26   198   196   2
-8.372135   -2.460086   -0.740618    26   198   196   2
-8.375294   -2.458911   -0.750364    26   198   196   2
-8.378453   -2.457737   -0.760110    26   198   196   2
-8.381612   -2.456563   -0.769855    26   198   196   2
-8.384771   -2.455389   -0.779601    26   198   196   2
-8.387930   -2.454215   -0.789347    26   198   196   2
-8.391089   -2.453041   -0.799093    26   198   196   2
-8.394248   -2.451866   -0.808839    26   198   196   2
-8.397407   -2.450692   -0.818585    26   198   196   2
-8.400566   -2.449518   -0.828331    26   198   196   2
-8.403725   -2.448344   -0.838076    26   198   196   2
-8.406884   -2.447170   -0.847822    26   198   196   2
-8.410043   -2.445995   -0.857568    26   198   196   2
-8.413202   -2.444821   -0.867314    26   198   196   2
-8.416361   -2.443647   -0.877060    26   198   196   2
-8.419521   -2.442473   -0.886806    26   198   196   2
-8.422680   -2.441299   -0.896552    26   198   196   2
-8.425839   -2.440125   -0.906298    26   198   196   2
-8.428998   -2.438950   -0.916043    26   198   196   2
-8.432157   -2.437776   -0.925789    26   198   196   2
-8.435316   -2.436602   -0.935535    26   198   196   2
-8.438475   -2.435428   -0.945281    26   198   196   2
-8.441634   -2.434254   -0.955027    26   198   196   2
-8.444793   -2.433079   -0.964773    26   198   196   2
-8.447952   -2.431905   -0.974519    26   198   196   2
-8.451111   -2.430731   -0.984264    26   198   196   2
-8.454270   -2.429557   -0.994010    26   198   196   2
-8.457429   -2.428383   -1.003756    26   198   196   2
-8.460588   -2.427209   -1.013502    26   198   196   2
-8.463747   -2.426034   -1.023248    26   198   196   2
-8.466906   -2.424860   -1.032994    26   198   196   2
-8.470065   -2.423686   -1.042740    26   198   196   2
-8.473225   -2.422512   -1.052486    26   198   196   2
-8.476384   -2.421338   -1.062231    26   198   196   2
-8.479543   -2.420164   -1.071977    26   198   196   2
-8.482702   -2.418989   -1.081723    26   198   196   2
-8.485861   -2.417815   -1.091469    26   198   196   2
-8.489020   -2.416641   -1.101215    26   198   196   2
-8.492179   -2.415467   -1.110961    26   198   196   2
-8.495338   -2.414293   -1.120707    26   198   196   2
-8.498497   -2.413118   -1.130452    26   198   196   2
-8.501656   -2.411944   -1.140198    26   198   196   2
-8.504815   -2.410770   -1.149944    26   198   196   2
-8.507974   -2.409596   -1.159690    26   198   196   2
-8.511133   -2.408422   -1.169436    26   198   196   2
-8.514292   -2.407248   -1.179182    26   198   196   2
-8.517451   -2.406073   -1.188928    26   198   196   2
-8.520610   -2.404899   -1.198674    26   198   196   2
-8.523769   -2.403725   -1.208419    26   198   196   2
-8.526929   -2.402551   -1.218165    26   198   196   2
-8.530088   -2.401377   -1.227911    26   198   196   2
-8.533247   -2.400202   -1.237657    26   198   196   2
-8.536406   -2.399028   -1.247403    26   198   196   2
-8.539565   -2.397854   -1.257149    26   198   196   2
-8.542724   -2.396680   -1.266895    26   198   196   2
-8.545883   -2.395506   -1.276640    26   198   196   2
-8.549042   -2.394332   -1.286386    26   198   196   2
-8.552201   -2.393157   -1.296132    26   198   196   2
-8.555360   -2.391983   -1.305878    26   198   196   2
-8.558519   -2.390809   -1.315624    26   198   196   2
-8.561678   -2.389635   -1.325370    26   198   196   2
-8.564837   -2.388461   -1.335116    26   198   196   2
-8.567996   -2.387286   -1.344862    26   198   196   2
-8.571155   -2.386112   -1.354607    26   198   196   2
-8.574314   -2.384938   -1.364353    26   198   196   2
-8.577473   -2.383764   -1.374099    26   198   196   2
-8.580633   -2.382590   -1.383845    26   198   196   2
-8.583792   -2.381416   -1.393591    26   198   196   2
-8.586951   -2.380241   -1.403337    26   198   196   2
-8.590110   -2.379067   -1.413083    26   198   196   2
-8.593269   -2.377893   -1.422828    26   198   196   2
-8.596428   -2.376719   -1.432574    26   198   196   2
-8.599587   -2.375545   -1.442320    26   198   196   2
-8.602746   -2.374370   -1.452066    26   198   196   2
-8.605905   -2.373196   -1.461812    26   198   196   2
-8.609064   -2.372022   -1.471558    26   198   196   2
-8.612223   -2.370848   -1.481304    26   198   196   2
-8.615382   -2.369674   -1.491050    26   198   196   2
-8.618541   -2.368500   -1.500795    26   198   196   2
-8.621700   -2.367325   -1.510541    26   198   196   2
-8.624859   -2.366151   -1.520287    26   198   196   2
-8.628018   -2.364977   -1.530033    26   198   196   2
-8.631177   -2.363803   -1.539779    26   198   196   2
-8.634336   -2.362629   -1.549525    26   198   196   2
-8.637496   -2.361454   -1.559271    26   198   196   2
-8.640655   -2.360280   -1.569016    26   198   196   2
-8.643814   -2.359106   -1.578762    26   198   196   2
-8.646973   -2.357932   -1.588508    26   198   196   2
-8.650132   -2.356758   -1.598254    26   198   196   2
-8.653291   -2.355584   -1.608000    26   198   196   2
-8.656450   -2.354409   -1.617746    26   198   196   2
-8.659609   -2.353235   -1.627492    26   198   196   2
-8.662768   -2.352061   -1.637237    26   198   196   2
-8.665927   -2.350887   -1.646983    26   198   196   2
-8.669086   -2.349713   -1.656729    26   198   196   2
-8.672245   -2.348538   -1.666475    26   198   196   2
-8.675404   -2.347364   -1.676221    26   198   196   2
-8.678563   -2.346190   -1.685967    26   198   196   2
-8.681722   -2.345016   -1.695713    26   198   196   2
-8.684881   -2.343842   -1.705459    26   198   196   2
-8.688040   -2.342668   -1.715204    26   198   196   2
-8.691200   -2.341493   -1.724950    26   198   196   2
-8.694359   -2.340319   -1.734696    26   198   196   2
-3.300655   -2.280844   -5.680181    224   217   197   3
-3.309230   -2.280889   -5.674403    224   217   197   3
-3.317805   -2.280934   -5.668625    224   217   197   3
-3.326379   -2.280979   -5.662847    224   217   197   3
-3.334954   -2.281024   -5.657069    224   217   197   3
-3.343528   -2.281069   -5.651291    224   217   197   3
-3.352103   -2.281114   -5.645513    224   217   197   3
-3.360678   -2.281159   -5.639735    224   217   197   3
-3.369252   -2.281204   -5.633957    224   217   197   3
-3.377827   -2.281249   -5.628179    224   217   197   3
-3.386401   -2.281294   -5.622401    224   217   197   3
-3.394976   -2.281339   -5.616623    224   217   197   3
-3.403551   -2.281384   -5.610845    224   217   197   3
-3.412125   -2.281429   -5.605066    224   217   197   3
-3.420700   -2.281474   -5.599288    224   217   197   3
-3.429274   -2.281519   -5.593510    224   217   197   3
-3.437849   -2.281564   -5.587732    224   217   197   3
-3.446424   -2.281609   -5.581954    224   217   197   3
-3.454998   -2.281654   -5.576176    224   217   197   3
-3.463573   -2.281699   -5.570398    224   217   197   3
-3.472147   -2.281744   -5.564620    224   217   197   3
-3.480722   -2.281789   -5.558842    224   217   197   3
-3.489297   -2.281834   -5.553064    224   217   197   3
-3.497871   -2.281879   -5.547286    224   217   197   3
-3.506446   -2.281924   -5.541508    224   217   197   3
-3.515020   -2.281969   -5.535730    224   217   197   3
-3.523595   -2.282014   -5.529952    224   217   197   3
-3.532170   -2.282059   -5.524173    224   217   197   3
-3.540744   -2.282104   -5.518395    224   217   197   3
-3.549319   -2.282149   -5.512617    224   217   197   3
-3.557893   -2.282194   -5.506839    224   217   197   3
-3.566468   -2.282239   -5.501061    224   217   197   3
-3.575043   -2.282284   -5.495283    224   217   197   3
-3.583617   -2.282329   -5.489505    224   217   197   3
-3.592192   -2.282374   -5.483727    224   217   197   3
-3.600766   -2.282419   -5.477949    224   217   197   3
-3.609341   -2.282464   -5.472171    224   217   197   3
-3.617916   -2.282509   -5.466393    224   217   197   3
-3.626490   -2.282554   -5.460615    224   217   197   3
-3.635065   -2.282599   -5.454837    224   217   197   3
-3.643639   -2.282644   -5.449059    224   217   197   3
-3.652214   -2.282689   -5.443281    224   217   197   3
-3.660789   -2.282734   -5.437502    224   217   197   3
-3.669363   -2.282779   -5.431724    224   217   197   3
-3.677938   -2.282824   -5.425946    224   217   197   3
-3.686512   -2.282869   -5.420168    224   217   197   3
-3.695087   -2.282914   -5.414390    224   217   197   3
-3.703662   -2.282959   -5.408612    224   217   197   3
-3.712236   -2.283004   -5.402834    224   217   197   3
-3.720811   -2.283049   -5.397056    224   217   197   3
-3.729385   -2.283094   -5.391278    224   217   197   3
-3.737960   -2.283139   -5.385500    224   217   197   3
-3.746535   -2.283184   -5.379722    224   217   197   3
-3.755109   -2.283229   -5.373944    224   217   197   3
-3.763684   -2.283274   -5.368166    224   217   197   3
-3.772258   -2.283319   -5.362388    224   217   197   3
-3.780833   -2.283364   -5.356609    224   217   197   3
-3.789408   -2.283409   -5.350831    224   217   197   3
-3.797982   -2.283454   -5.345053    224   217   197   3
-3.806557   -2.283499   -5.339275    224   217   197   3
-3.815131   -2.283544   -5.333497    224   217   197   3
-3.823706   -2.283589   -5.327719    224   217   197   3
-3.832281   -2.283634   -5.321941    224   217   197   3
-3.840855   -2.283679   -5.316163    224   217   197   3
-3.849430   -2.283724   -5.310385    224   217   197   3
-3.858004   -2.283769   -5.304607    224   217   197   3
-3.866579   -2.283814   -5.298829    224   217   197   3
-3.875154   -2.283859   -5.293051    224   217   197   3
-3.883728   -2.283904   -5.287273    224   217   197   3
-3.892303   -2.283949   -5.281495    224   217   197   3
-3.900877   -2.283994   -5.275717    224   217   197   3
-3.909452   -2.284039   -5.269938    224   217   197   3
-3.918027   -2.284084   -5.264160    224   217   197   3
-3.926601   -2.284129   -5.258382    224   217   197   3
-3.935176   -2.284173   -5.252604    224   217   197   3
-3.943750   -2.284218   -5.246826    224   217   197   3
-3.952325   -2.284263   -5.241048    224   217   197   3
-3.960900   -2.284308   -5.235270    224   217   197   3
-3.969474   -2.284353   -5.229492    224   217   197   3
-3.978049   -2.284398   -5.223714    224   217   197   3
-3.986623   -2.284443   -5.217936    224   217   197   3
-3.995198   -2.284488   -5.212158    224   217   197   3
-4.003773   -2.284533   -5.206380    224   217   197   3
-4.012347   -2.284578   -5.200602    224   217   197   3
-4.020922   -2.284623   -5.194824    224   217   197   3
-4.029496   -2.284668   -5.189045    224   217   197   3
-4.038071   -2.284713   -5.183267    224   217   197   3
-4.046646   -2.284758   -5.177489    224   217   197   3
-4.055220   -2.284803   -5.171711    224   217   197   3
-4.063795   -2.284848   -5.165933    224   217   197   3
-4.072369   -2.284893   -5.160155    224   217   197   3
-4.080944   -2.284938   -5.154377    224   217   197   3
-4.089519   -2.284983   -5.148599    224   217   197   3
-4.098093   -2.285028   -5.142821    224   217   197   3
-4.106668   -2.285073   -5.137043    224   217   197   3
-4.115242   -2.285118   -5.131265    224   217   197   3
-4.123817   -2.285163   -5.125487    224   217   197   3
-4.132392   -2.285208   -5.119709    224   217   197   3
-4.140966   -2.285253   -5.113931    224   217   197   3
-4.149541   -2.285298   -5.108153    224   217   197   3
-4.158115   -2.285343   -5.102374    224   217   197   3
-4.166690   -2.285388   -5.096596    224   217   197   3
-4.175265   -2.285433   -5.090818    224   217   197   3
-4.183839   -2.285478   -5.085040    224   217   197   3
-4.192414   -2.285523   -5.079262    224   217   197   3
-4.200988   -2.285568   -5.073484    224   217   197   3
-4.209563   -2.285613   -5.067706    224   217   197   3
-4.218138   -2.285658   -5.061928    224   217   197   3
-4.226712   -2.285703   -5.056150    224   217   197   3
-4.235287   -2.285748   -5.050372    224   217   197   3
-4.243861   -2.285793   -5.044594    224   217   197   3
-4.252436   -2.285838   -5.038816    224   217   197   3
-4.261011   -2.285883   -5.033038    224   217   197   3
-4.269585   -2.285928   -5.027260    224   217   197   3
-4.278160   -2.285973   -5.021481    224   217   197   3
-4.286734   -2.286018   -5.015703    224   217   197   3
-4.295309   -2.286063   -5.009925    224   217   197   3
-4.303884   -2.286108   -5.004147    224   217   197   3
-4.312458   -2.286153   -4.998369    224   217   197   3
-4.321033   -2.286198   -4.992591    224   217   197   3
-4.329607   -2.286243   -4.986813    224   217   197   3
-4.338182   -2.286288   -4.981035    224   217   197   3
-4.346757   -2.286333   -4.975257    224   217   197   3
-4.355331   -2.286378   -4.969479    224   217   197   3
-4.363906   -2.286423   -4.963701    224   217   197   3
-4.372480   -2.286468   -4.957923    224   217   197   3
-4.381055   -2.286513   -4.952145    224   217   197   3
-4.389630   -2.286558   -4.946367    224   217   197   3
-4.398204   -2.286603   -4.940589    224   217   197   3
-4.406779   -2.286648   -4.934810    224   217   197   3
-4.415353   -2.286693   -4.929032    224   217   197   3
-4.423928   -2.286738   -4.923254    224   217   197   3
-4.432503   -2.286783   -4.917476    224   217   197   3
-4.441077   -2.286828   -4.911698    224   217   197   3
-4.449652   -2.286873   -4.905920    224   217   197   3
-4.458226   -2.286918   -4.900142    224   217   197   3
-4.466801   -2.286963   -4.894364    224   217   197   3
-4.475376   -2.287008   -4.888586    224   217   197   3
-4.483950   -2.287053   -4.882808    224   217   197   3
-4.492525   -2.287098   -4.877030    224   217   197   3
-4.501099   -2.287143   -4.871252    224   217   197   3
-4.509674   -2.287188   -4.865474    224   217   197   3
-4.518249   -2.287233   -4.859696    224   217   197   3
-4.526823   -2.287278   -4.853917    224   217   197   3
-4.535398   -2.287323   -4.848139    224   217   197   3
-4.543972   -2.287368   -4.842361    224   217   197   3
-4.552547   -2.287413   -4.836583    224   217   197   3
-4.561122   -2.287458   -4.830805    224   217   197   3
-4.569696   -2.287503   -4.825027    224   217   197   3
-4.578271   -2.287548   -4.819249    224   217   197   3
-4.586845   -2.287593   -4.813471    224   217   197   3
-4.595420   -2.287638   -4.807693    224   217   197   3
-4.603995   -2.287683   -4.801915    224   217   197   3
-4.612569   -2.287728   -4.796137    224   217   197   3
-4.621144   -2.287773   -4.790359    224   217   197   3
-4.629718   -2.287818   -4.784581    224   217   197   3
-4.638293   -2.287863   -4.778803    224   217   197   3
-4.646868   -2.287908   -4.773025    224   217   197   3
-4.655442   -2.287953   -4.767246    224   217   197   3
-4.664017   -2.287998   -4.761468    224   217   197   3
-4.672591   -2.288043   -4.755690    224   217   197   3
-4.681166   -2.288088   -4.749912    224   217   197   3
-4.689741   -2.288133   -4.744134    224   217   197   3
-4.698315   -2.288178   -4.738356    224   217   197   3
-4.706890   -2.288222   -4.732578    224   217   197   3
-4.715464   -2.288267   -4.726800    224   217   197   3
-4.724039   -2.288312   -4.721022    224   217   197   3
-4.732614   -2.288357   -4.715244    224   217   197   3
-4.741188   -2.288402   -4.709466    224   217   197   3
-4.749763   -2.288447   -4.703688    224   217   197   3
-4.758338   -2.288492   -4.697910    224   217   197   3
-4.766912   -2.288537   -4.692132    224   217   197   3
-4.775487   -2.288582   -4.686353    224   217   197   3
-4.784061   -2.288627   -4.680575    224   217   197   3
-4.792636   -2.288672   -4.674797    224   217   197   3
-4.801211   -2.288717   -4.669019    224   217   197   3
-4.809785   -2.288762   -4.663241    224   217   197   3
-4.818360   -2.288807   -4.657463    224   217   197   3
-4.826934   -2.288852   -4.651685    224   217   197   3
-4.835509   -2.288897   -4.645907    224   217   197   3
-4.844084   -2.288942   -4.640129    224   217   197   3
-4.852658   -2.288987   -4.634351    224   217   197   3
-4.861233   -2.289032   -4.628573    224   217   197   3
-4.869807   -2.289077   -4.622795    224   217   197   3
-4.878382   -2.289122   -4.617017    224   217   197   3
-4.886957   -2.289167   -4.611239    224   217   197   3
-4.895531   -2.289212   -4.605461    224   217   197   3
-4.904106   -2.289257   -4.599682    224   217   197   3
-4.912680   -2.289302   -4.593904    224   217   197   3
-4.921255   -2.289347   -4.588126    224   217   197   3
-4.929830   -2.289392   -4.582348    224   217   197   3
-4.938404   -2.289437   -4.576570    224   217   197   3
-4.946979   -2.289482   -4.570792    224   217   197   3
-4.955553   -2.289527   -4.565014    224   217   197   3
-4.964128   -2.289572   -4.559236    224   217   197   3
-4.972703   -2.289617   -4.553458    224   217   197   3
-4.981277   -2.289662   -4.547680    224   217   197   3
-4.989852   -2.289707   -4.541902    224   217   197   3
-4.998426   -2.289752   -4.536124    224   217   197   3
-5.007001   -2.289797   -4.530346    224   217   197   3
-5.015576   -2.289842   -4.524568    224   217   197   3
-5.024150   -2.289887   -4.518789    224   217   197   3
-5.032725   -2.289932   -4.513011    224   217   197   3
-5.041299   -2.289977   -4.507233    224   217   197   3
-5.049874   -2.290022   -4.501455    224   217   197   3
-5.058449   -2.290067   -4.495677    224   217   197   3
-5.067023   -2.290112   -4.489899    224   217   197   3
-5.075598   -2.290157   -4.484121    224   217   197   3
-5.084172   -2.290202   -4.478343    224   217   197   3
-5.092747   -2.290247   -4.472565    224   217   197   3
-5.101322   -2.290292   -4.466787    224   217   197   3
-5.109896   -2.290337   -4.461009    224   217   197   3
-5.118471   -2.290382   -4.455231    224   217   197   3
-5.127045   -2.290427   -4.449453    224   217   197   3
-5.135620   -2.290472   -4.443675    224   217   197   3
-5.144195   -2.290517   -4.437897    224   217   197   3
-5.152769   -2.290562   -4.432118    224   217   197   3
-5.161344   -2.290607   -4.426340    224   217   197   3
-5.169918   -2.290652   -4.420562    224   217   197   3
-5.178493   -2.290697   -4.414784    224   217   197   3
-5.187068   -2.290742   -4.409006    224   217   197   3
-5.195642   -2.290787   -4.403228    224   217   197   3
-5.204217   -2.290832   -4.397450    224   217   197   3
-5.212791   -2.290877   -4.391672    224   217   197   3
-5.221366   -2.290922   -4.385894    224   217   197   3
-5.229941   -2.290967   -4.380116    224   217   197   3
-5.238515   -2.291012   -4.374338    224   217   197   3
-5.247090   -2.291057   -4.368560    224   217   197   3
-5.255664   -2.291102   -4.362782    224   217   197   3
-5.264239   -2.291147   -4.357004    224   217   197   3
-5.272814   -2.291192   -4.351225    224   217   197   3
-5.281388   -2.291237   -4.345447    224   217   197   3
-5.289963   -2.291282   -4.339669    224   217   197   3
-5.298537   -2.291327   -4.333891    224   217   197   3
-5.307112   -2.291372   -4.328113    224   217   197   3
-5.315687   -2.291417   -4.322335    224   217   197   3
-5.324261   -2.291462   -4.316557    224   217   197   3
-5.332836   -2.291507   -4.310779    224   217   197   3
-5.341410   -2.291552   -4.305001    224   217   197   3
-5.349985   -2.291597   -4.299223    224   217   197   3
-5.358560   -2.291642   -4.293445    224   217   197   3
-5.367134   -2.291687   -4.287667    224   217   197   3
-5.375709   -2.291732   -4.281889    224   217   197   3
-5.384283   -2.291777   -4.276111    224   217   197   3
-5.392858   -2.291822   -4.270333    224   217   197   3
-5.401433   -2.291867   -4.264554    224   217   197   3
-5.410007   -2.291912   -4.258776    224   217   197   3
-5.418582   -2.291957   -4.252998    224   217   197   3
-5.427156   -2.292002   -4.247220    224   217   197   3
-5.435731   -2.292047   -4.241442    224   217   197   3
-5.444306   -2.292092   -4.235664    224   217   197   3
-5.452880   -2.292137   -4.229886    224   217   197   3
-5.461455   -2.292182   -4.224108    224   217   197   3
-5.470029   -2.292227   -4.218330    224   217   197   3
-5.478604   -2.292272   -4.212552    224   217   197   3
-5.487179   -2.292316   -4.206774    224   217   197   3
-5.495753   -2.292361   -4.200996    224   217   197   3
-5.504328   -2.292406   -4.195218    224   217   197   3
-5.512902   -2.292451   -4.189440    224   217   197   3
-5.521477   -2.292496   -4.183661    224   217   197   3
-5.530052   -2.292541   -4.177883    224   217   197   3
-5.538626   -2.292586   -4.172105    224   217   197   3
-5.547201   -2.292631   -4.166327    224   217   197   3
-5.555775   -2.292676   -4.160549    224   217   197   3
-5.564350   -2.292721   -4.154771    224   217   197   3
-5.572925   -2.292766   -4.148993    224   217   197   3
-5.581499   -2.292811   -4.143215    224   217   197   3
-5.590074   -2.292856   -4.137437    224   217   197   3
-5.598648   -2.292901   -4.131659    224   217   197   3
-5.607223   -2.292946   -4.125881    224   217   197   3
-5.615798   -2.292991   -4.120103    224   217   197   3
-5.624372   -2.293036   -4.114325    224   217   197   3
-5.632947   -2.293081   -4.108547    224   217   197   3
-5.641521   -2.293126   -4.102769    224   217   197   3
-5.650096   -2.293171   -4.096990    224   217   197   3
-5.658671   -2.293216   -4.091212    224   217   197   3
-5.667245   -2.293261   -4.085434    224   217   197   3
-5.675820   -2.293306   -4.079656    224   217   197   3
-5.684394   -2.293351   -4.073878    224   217   197   3
-5.692969   -2.293396   -4.068100    224   217   197   3
-5.701544   -2.293441   -4.062322    224   217   197   3
-5.710118   -2.293486   -4.056544    224   217   197   3
-5.718693   -2.293531   -4.050766    224   217   197   3
-5.727267   -2.293576   -4.044988    224   217   197   3
-5.735842   -2.293621   -4.039210    224   217   197   3
-5.744417   -2.293666   -4.033432    224   217   197   3
-5.752991   -2.293711   -4.027654    224   217   197   3
-5.761566   -2.293756   -4.021876    224   217   197   3
-5.770140   -2.293801   -4.016097    224   217   197   3
-5.778715   -2.293846   -4.010319    224   217   197   3
-5.787290   -2.293891   -4.004541    224   217   197   3
-5.795864   -2.293936   -3.998763    224   217   197   3
-5.804439   -2.293981   -3.992985    224   217   197   3
-5.813013   -2.294026   -3.987207    224   217   197   3
-5.821588   -2.294071   -3.981429    224   217   197   3
-5.830163   -2.294116   -3.975651    224   217   197   3
-5.838737   -2.294161   -3.969873    224   217   197   3
-5.847312   -2.294206   -3.964095    224   217   197   3
-5.855886   -2.294251   -3.958317    224   217   197   3
-5.864461   -2.294296   -3.952539    224   217   197   3
-5.873036   -2.294341   -3.946761    224   217   197   3
-5.881610   -2.294386   -3.940983    224   217   197   3
-5.890185   -2.294431   -3.935204    224   217   197   3
-5.898759   -2.294476   -3.929426    224   217   197   3
-5.907334   -2.294521   -3.923648    224   217   197   3
-5.915909   -2.294566   -3.917870    224   217   197   3
-5.924483   -2.294611   -3.912092    224   217   197   3
-5.933058   -2.294656   -3.906314    224   217   197   3
-5.941632   -2.294701   -3.900536    224   217   197   3
-5.950207   -2.294746   -3.894758    224   217   197   3
-5.958782   -2.294791   -3.888980    224   217   197   3
-5.967356   -2.294836   -3.883202    224   217   197   3
-5.975931   -2.294881   -3.877424    224   217   197   3
-5.984505   -2.294926   -3.871646    224   217   197   3
-5.993080   -2.294971   -3.865868    224   217   197   3
-6.001655   -2.295016   -3.860090    224   217   197   3
-6.010229   -2.295061   -3.854312    224   217   197   3
-6.018804   -2.295106   -3.848533    224   217   197   3
-6.027378   -2.295151   -3.842755    224   217   197   3
-6.035953   -2.295196   -3.836977    224   217   197   3
-6.044528   -2.295241   -3.831199    224   217   197   3
